5 1024 768
0
1 0 0  0 1 0
0.1
50 40 150  0 0 -1
11
100000  100001 40.8 81.6  0 0 0  0.75 0.25 0.25  Diffuse
100000  -99901 40.8 81.6  0 0 0  0.25 0.25 0.75  Diffuse
100000  50 40.8 100000  0 0 0  0.75 0.75 0.75  Specular
100000  50 40.8 -99830  0 0 0  0 0 0  Diffuse
100000  50 100000 81.6  0 0 0  0.75 0.75 0.75  Diffuse
100000  50 -99918.4 81.6  0.8 0.8 0.8  0.75 0.75 0.75  Diffuse
10  73 59 10  0 0 0  0 0.9 0.9  Diffuse
10  40 45 22  0 0 0  0.4 0.8 0  Diffuse
10  27 30 37  0 0 0  0.8 0.8 0.1  Diffuse
10  50 15 50  0 0 0  0.999 0.999 0.999 Glass
10  77 16.5 68  0 0 0  0.9 0.45 0.15  Diffuse

/* -------------------------------------------------------------- */

5 1024 768
1  0.7 0.7 0.7
1 0 0  0 1 0
0.1
50 40 150  0 0 -1
11
100000  100001 40.8 81.6  0 0 0  0.75 0.25 0.25  Diffuse
100000  -99901 40.8 81.6  0 0 0  0.25 0.25 0.75  Diffuse
100000  50 40.8 100000  0 0 0  0.75 0.75 0.75  Specular
100000  50 40.8 -99830  0 0 0  0 0 0  Diffuse
100000  50 100000 81.6  0 0 0  0.75 0.75 0.75  Diffuse
100000  50 -99918.4 81.6  0.8 0.8 0.8  0.75 0.75 0.75  Diffuse
10  73 59 10  0 0 0  0 0.9 0.9  Diffuse
10  40 45 22  0 0 0  0.4 0.8 0  Diffuse
10  27 30 37  0 0 0  0.8 0.8 0.1  Diffuse
10  50 15 50  0 0 0  0.999 0.999 0.999 Glass
10  77 16.5 68  0 0 0  0.9 0.45 0.15  Diffuse
